[[0,6469,7629,20036,4690],
[6469,0,12999,13692,3322],
[7629,12999,0,35135,5956],
[20036,13692,35135,0,19094],
[4690,3322,5956,19094,0]]

[[0,576.9631,946.4954,597.5972,373.8127],
[576.9631,0,369.5327,613.0386,429.1079], 
[946.4954,369.5327,0,858.3308,749.6018],
[597.5972,613.0386,858.3308,0,255.0303],
[373.8127,429.1079,749.6018,255.0303,0]]
